9
1
2
1 1 4 17 0 -1
3 1 2 17 0 2
haar_x2
-1.096094e-003 0 -1
4.330963e-001 -6.665950e-001 
1
2
7 2 8 18 0 -1
7 8 8 6 0 3
haar_y3
-2.157336e-001 0 -1
6.565964e-001 -3.219422e-001 
1
2
7 2 6 10 0 -1
9 2 2 10 0 3
haar_x3
3.135899e-002 0 -1
-7.209960e-001 3.777349e-001 
1
2
10 9 3 3 0 -1
11 9 1 3 0 3
haar_x3
-1.581748e-003 0 -1
1.115976e-001 -4.299181e-001 
1
2
5 6 10 6 0 -1
5 8 10 2 0 3
haar_y3
-3.219784e-002 0 -1
8.407429e-001 -2.870081e-001 
1
2
10 9 3 2 0 -1
11 9 1 2 0 3
haar_x3
-3.118149e-004 0 -1
1.441166e-001 -9.437412e-001 
1
2
9 11 1 2 0 -1
9 12 1 1 0 2
haar_y2
-6.811426e-004 0 -1
-6.651938e-001 3.364753e-001 
1
2
4 8 12 4 0 -1
4 8 6 4 0 2
haar_x2
1.120516e-002 0 -1
-8.943127e-001 2.929443e-001 
1
2
5 7 5 3 0 -1
5 8 5 1 0 3
haar_y3
5.206124e-003 0 -1
-3.031158e-001 8.804971e-001 
-1.317461e+000

8
-1
