7
1
2
6 7 8 6 0 -1
10 7 4 6 0 2
haar_x2
-1.754789e-002 0 -1
3.163832e-001 -8.534021e-001 
1
2
8 6 12 7 0 -1
12 6 4 7 0 3
haar_x3
-1.845845e-002 0 -1
7.630568e-002 -7.500712e-001 
1
2
0 6 12 7 0 -1
4 6 4 7 0 3
haar_x3
-2.347747e-002 0 -1
3.802434e-001 -6.370676e-001 
1
2
9 7 3 4 0 -1
9 9 3 2 0 2
haar_y2
4.787527e-003 0 -1
7.749487e-002 -7.703679e-001 
1
2
9 9 2 2 0 -1
9 10 2 1 0 2
haar_y2
-5.428366e-004 0 -1
-8.791859e-001 2.856213e-001 
1
2
9 7 3 6 0 -1
9 10 3 3 0 2
haar_y2
1.736612e-002 0 -1
5.323419e-002 -9.136480e-001 
1
2
9 10 2 2 0 -1
9 11 2 1 0 2
haar_y2
6.086109e-004 0 -1
1.981473e-001 -9.756613e-001 
-7.996665e-001

4
-1
