8
1
2
9 10 2 2 0 -1
9 11 2 1 0 2
haar_y2
-1.409122e-003 0 -1
-7.807192e-001 3.039236e-001 
1
2
6 2 8 18 0 -1
6 8 8 6 0 3
haar_y3
-2.447335e-001 0 -1
7.460213e-001 -3.012044e-001 
1
2
7 9 6 1 0 -1
9 9 2 1 0 3
haar_x3
6.371348e-003 0 -1
-8.064980e-001 2.915311e-001 
1
2
9 6 6 12 0 -1
11 6 2 12 0 3
haar_x3
-2.186647e-002 0 -1
1.804293e-001 -5.957300e-001 
1
2
5 6 6 12 0 -1
7 6 2 12 0 3
haar_x3
5.747495e-003 0 -1
2.396189e-001 -7.642919e-001 
1
2
16 4 4 9 0 -1
16 4 2 9 0 2
haar_x2
2.625173e-004 0 -1
1.114618e-001 -4.566906e-001 
1
2
5 6 3 3 0 -1
5 7 3 1 0 3
haar_y3
3.006628e-003 0 -1
-3.589058e-001 5.674741e-001 
1
2
9 8 2 4 0 -1
9 10 2 2 0 2
haar_y2
-2.644408e-003 0 -1
-8.834609e-001 2.618253e-001 
-1.303771e+000

5
-1
