10
1
2
8 7 3 4 0 -1
8 9 3 2 0 2
haar_y2
2.844552e-003 0 -1
2.789454e-001 -8.342610e-001 
1
2
10 8 1 3 0 -1
10 9 1 1 0 3
haar_y3
-1.557220e-003 0 -1
-8.316751e-001 6.282783e-002 
1
2
9 8 1 2 0 -1
9 9 1 1 0 2
haar_y2
1.714540e-005 0 -1
-7.640455e-001 3.200909e-001 
1
2
16 4 4 9 0 -1
16 4 2 9 0 2
haar_x2
2.625173e-004 0 -1
4.872266e-002 -4.887118e-001 
1
2
0 4 4 9 0 -1
2 4 2 9 0 2
haar_x2
-1.519440e-002 0 -1
5.636664e-001 -3.995839e-001 
1
2
9 8 3 2 0 -1
10 8 1 2 0 3
haar_x3
-2.031913e-003 0 -1
-8.851341e-001 1.797081e-001 
1
2
8 8 3 2 0 -1
9 8 1 2 0 3
haar_x3
3.593394e-003 0 -1
-8.287423e-001 2.844217e-001 
1
2
7 1 8 18 0 -1
7 7 8 6 0 3
haar_y3
-2.428467e-001 0 -1
6.139661e-001 -2.741507e-001 
1
2
5 10 2 3 0 -1
5 11 2 1 0 3
haar_y3
3.452853e-003 0 -1
-2.484432e-001 7.957283e-001 
1
2
10 9 3 3 0 -1
11 9 1 3 0 3
haar_x3
-9.037795e-005 0 -1
1.446695e-001 -8.771384e-001 
-1.253433e+000

6
-1
