6
1
2
1 11 13 6 0 -1
1 14 13 3 0 2
haar_y2
4.025784e-002 0 -1
-4.428284e-001 1.000036e+000 
1
2
6 7 10 5 0 -1
6 7 5 5 0 2
haar_x2
2.604481e-002 0 -1
-3.562356e-001 2.459768e-001 
1
2
4 7 10 5 0 -1
9 7 5 5 0 2
haar_x2
-3.417648e-002 0 -1
-8.129340e-001 5.012389e-001 
1
2
4 7 12 2 0 -1
4 8 12 1 0 2
haar_y2
-1.238735e-002 0 -1
1.000000e+000 -3.613125e-001 
1
3
3 16 2 4 0 -1
3 16 1 2 0 2
4 18 1 2 0 2
haar_x2_y2
-1.486748e-003 0 -1
-6.597036e-001 4.941112e-001 
1
2
9 9 3 8 0 -1
10 9 1 8 0 3
haar_x3
1.907211e-002 0 -1
1.184240e-001 -8.815092e-001 
-7.585630e-001

9
-1
