8
1
2
0 6 6 6 0 -1
3 6 3 6 0 2
haar_x2
-1.609895e-002 0 -1
4.318478e-001 -4.985308e-001 
1
2
8 7 4 6 0 -1
8 10 4 3 0 2
haar_y2
7.461483e-003 0 -1
2.375804e-001 -9.204621e-001 
1
2
6 9 2 3 0 -1
6 10 2 1 0 3
haar_y3
1.732696e-003 0 -1
-3.376307e-001 7.194713e-001 
1
2
9 7 2 6 0 -1
9 9 2 2 0 3
haar_y3
6.935894e-003 0 -1
2.556262e-001 -8.712757e-001 
1
3
4 10 6 2 0 -1
4 10 3 1 0 2
7 11 3 1 0 2
haar_x2_y2
-1.461986e-003 0 -1
5.075049e-001 -4.160672e-001 
1
2
12 8 3 3 0 -1
12 9 3 1 0 3
haar_y3
3.445422e-003 0 -1
-2.218322e-001 7.922211e-001 
1
2
7 0 6 1 0 -1
9 0 2 1 0 3
haar_x3
2.282176e-003 0 -1
3.302926e-001 -6.405438e-001 
1
2
9 18 2 1 0 -1
9 18 1 1 0 2
haar_x2
9.723543e-004 0 -1
2.251660e-001 -7.436419e-001 
-1.396232e+000

7
-1
