5
1
2
4 8 12 4 0 -1
10 8 6 4 0 2
haar_x2
-1.555111e-002 0 -1
3.256833e-001 -8.919785e-001 
1
2
8 6 12 7 0 -1
12 6 4 7 0 3
haar_x3
-3.379863e-002 0 -1
1.147653e-001 -6.454175e-001 
1
2
7 9 4 2 0 -1
9 9 2 2 0 2
haar_x2
2.422221e-003 0 -1
-9.715703e-001 4.424699e-001 
1
2
9 9 3 1 0 -1
10 9 1 1 0 3
haar_x3
1.540906e-003 0 -1
5.343892e-002 -8.650314e-001 
1
2
2 4 9 12 0 -1
5 4 3 12 0 3
haar_x3
-1.738546e-002 0 -1
3.257471e-001 -7.451513e-001 
-1.026456e+000

2
-1
